591743080253919232
591741332177063937
591747119406403584
591815332097961985
591785641878290432
591848220940111873
591852757826408448
591853247033376769
591853733442498560
591853577993256960
591855476498780162
591855093428817920
591856034135703552
591855694355177472
591855659953442816
591857281718824960
591857265184911360
591860029109637123
591861022266249216
591861056294682624
591862230221619200
591862674926874624
591864907928305664
591864878903664641
591864424039731201
591867004237164544
591870747217301504
591871455685513216
591877330215141376
591881849762250752
591882051294486528
591882686962143233
591883960516378624
591887193850843136
591897729648828416
591900199447990274
591898229551169537
591899346167140352
591903690555953152
591910327492579328
591906711029452800
591906097314725888
591905189390462976
591906497610665984
591914091003838465
591914121773191168
591916777883336704
591915670910164993
591915875638325248
591922046637969408
591922042481479680
591921698376552449
591926171022987265
591926944733597699
591926684598685696
591933551798419456
591935928748244993
591939270673182721
591939467365060608
591943627149942784
591956777446420481
591961378610524161
591968116919410690
591974898139987968
591977226586836992
591978159102435328
591974522338684928
591978910713139202
591975873009582080
591976580232052736
591975888494854145
591974700596604928
591979126350741505
591973907143335936
591977781749223424
591977196421427202
591981776794296321
591983826018041856
591979747296485376
591979790627840000
591984141773639680
591980083478302720
591989771473391616
591989428609941504
591988896935739392
591986194893901824
591985311665684480
591989264256106499
591987632097202177
591987020924260354
591986527355338752
591988237209505793
591988336090173440
591987578498232321
591989931360169985
591986490038558722
591985972109123585
591985786880327682
591986294554632192
591992755699589121
591993859736870912
591994540166250497
591991666526957568
591994277019922432
591992896485597184
591994433526104064
591991403783159808
591991020142792704
591992777736499200
591991005248782336
591992680479006721
591992326504849408
591997919529570304
591997966010855424
591995512171024387
591995887360057345
591995052169105408
591999421975396352
591999588766228482
591996373869826048
591999611184680961
592000290921918464
592001500198490112
592004392091406336
592002516369309697
592000357418409984
591999667489017857
592003933238759424
592005075481964544
592002709676392448
591999934427045888
592003335454076929
592004040961069057
592001984951029760
592000117961396224
592007278213070848
592010391200215040
592006342212063232
592009582353862656
592007873560875011
592005202816827392
592005225709461505
592006860271521793
592010581550333952
592008765039247360
592015991573360640
592012112500666370
592014627862523904
592014898785230848
592012462423052288
592011381005651968
592018533673869313
592018397384286208
592021167046819841
592018278819606529
592016672355061760
592019272903172096
592016806153293825
592017398363918336
592021087505883138
592022537682427904
592025271768866816
592026710985478145
592024270705860608
592024069446348800
592022407885496320
592021652533153792
592025164872691712
592022722437218304
592026266569543680
592026322865500160
592025366794936321
592022312226050049
592023168681775104
592029398368411648
592027270270726146
592027572952834048
592027147243401216
592026863398199296
592029815596810241
592029527804542976
592028374794539008
592028384634503168
592029014887399424
592031700697255936
592031015259873280
592030087714856960
592030914793836544
592029274636333056
592028815234207745
592033004001726464
592035712465129472
592037260905869312
592035222650167296
592032737839685632
592040051191750658
592039073503584256
592033451718479873
592033253781037056
592034145645121536
592032028930879488
592032983135072256
592044876931289088
592048938355589120
592041494447394817
592046368186716161
592045590847983616
592044401599221760
592040884427890688
592041784634580993
592041383965249536
592044539675680768
592043320714465280
592043734218375168
592044751278317569
592048683866173440
592054705838268417
592053799033970689
592052803209564161
592052033848410112
592052647873482752
592059620799057920
592050419259453440
592052489240780800
592060612613513216
592052475806396417
592058471354216448
592049438908092416
592049425868050433
592058423933440000
592054993068302337
592049012577947648
592049417856909314
592049216568066049
592049388232531968
592075271013969920
592082703232540673
592082404971454464
592076323297759232
592086812593557504
592067446158204928
592067322543677443
592071141965045763
592085243659571200
592066101166616577
592068279033794561
592066377768443904
592061445828775938
592123472077197312
592100827428360192
592089446830440448
592107886001541120
592092934742278144
592096370355351552
592114148265201664
592125028558184448
592097046309441537
592117505356730369
592092586174611459
592135286466945024
592139574266044416
592143030699872257
592142806304436224
592137179234631680
592144974919106560
592147423683678208
592147756615127042
592144301603225600
592152923561336832
592148963110703105
592149547788275712
592145694057746432
592143616782405632
592146601432387584
592154801934336000
592156478422712320
592162799498854400
592161141830209536
592159521243435008
592160896824246272
592155414029991937
592162027881140225
592160227279052801
592154692970385408
592168058761842688
592169535878365184
592170761382596609
592172146845036544
592179623611342850
592176920617361408
592175973203771392
592178230452326401
592173695600300032
592176946642980864
592179127303667712
592174366344884224
592179384385024000
592181896349646849
592184910741286913
592181723967926274
592181502391164929
592184593043750912
592183620896456704
592181615658291200
592184317712965634
592181103676391424
592182738637062145
592185923644878848
592186643290853376
592188043785678848
592190504470589440
592187621213806592
592191451674476544
592188871317725184
592189847936180225
592197443225194498
592192429928763392
592191998196494336
592197561575833600
592194905511890944
592197498342494208
592193754393489408
592196353381388289
592195341455233024
592196446797090816
592198032810123264
592202500435902467
592199737173938177
592200171280310272
592201203347378177
592203930664329217
592202232453591040
592201169155411969
592203258401173504
592199197446770689
592208493848895489
592210236196294656
592206288857108482
592206570974416897
592209897825013761
592206738507440128
592207474062659584
592206097576022017
592207802396971008
592206189028511745
592207177642856448
592205554824704000
592209596183285762
592207134323965952
592206967608741889
592209571508158464
592208546428637185
592217003164868608
592212430895222784
592214982009323520
592215884669693952
592211633142796288
592216632954486786
592211354515156992
592214320127193088
592213017821106176
592213511796752384
592215736669442050
592211486795137024
592210395663728641
592213627148505088
592215372582891520
592214348455514112
592215865992568832
592210302302720001
592211030555684864
592217703563177984
592221210928230401
592218605044912128
592220239095431168
592217368375402496
592221039867793408
592220518763274241
592217547535056896
592219607278071809
592218185295761408
592217837361442816
592219443742134272
592223073996124160
592220994326040576
592221666312204288
592218693708349441
592222997156474880
592220359803437056
592218574426484736
592223004282589184
592219428869120001
592223549521154049
592225934016544768
592226202028380160
592226464960909313
592223584153505792
592224438575190016
592226055420715008
592224514198540288
592226833552179200
592224931875794944
592227112431525889
592229010060410880
592227121214402560
592228500779630592
592229137483304960
592231066083184640
592230864123088896
592232533900701696
592231556359528448
592231549833097216
592232786850750464
592233887851368448
592233687825055745
592233496615071745
592239400655794176
592238754825273345
592236529654702080
592236798186684416
592239615194439680
592236624379039744
592237661516992512
592236359823151104
592237757226881025
592237706119225344
592239653077393408
592238944743395328
592242604827226112
592240674885410819
592239896103780352
592241024249925632
592242055788658688
592243032822390784
592241031162105856
592239782618636288
592240257518542848
592239706445864961
592243905816563712
592245464700833792
592244880597889025
592244040587878400
592247011862188032
592246635071049728
592244931181293568
592247872919183361
592243506342731776
592245742774849537
592245462285029376
592246969487069185
592247418374094848
592247746251214848
592251916350050304
592250006175789056
592251272482267136
592248641227591680
592253039299330048
592252959884320768
592251287820849152
592249577006239744
592251449054076928
592249795596562433
592252499324571649
592248331339898880
592250977043910656
592251391508283392
592249969987461121
592256891226468352
592258807683686400
592255633400860673
592254307874918401
592258077954445312
592259302917677057
592257707408642048
592258310696501248
592263661181370368
592264581965197313
592264283704070144
592259871917015041
592262151416459264
592263482415845376
592261510048522242
592263722346749952
592265539377967106
592262536063492096
592262004263424002
592262421433098240
592259581952315393
592267700853821440
592271940242444289
592269368668491776
592272296863215616
592272097356845057
592270761898811392
592269475203919872
592270013781774337
592269207905046528
592273139612061697
592274977384075264
592275945391697920
592278198596997121
592277073118437377
592276098450231296
592279031594123264
592279403679223809
592279426030641153
592273283233353728
592279829644333057
592278726328463360
592277527432859649
592279468380725248
592279583606632448
592273191751389184
592274773549285376
592275018131771392
592272663910817792
592281070776651776
592285545444679681
592281354680696832
592280542168514561
592286175609561089
592284518796529664
592286450135076867
592280521171869696
592283024668131328
592285702307479552
592282804114870272
592283358391996416
592283845250023424
592281143434608640
592287188995448832
592289768211283969
592290022390398978
592287122192609280
592290946823270400
592292157882413056
592288174677757952
592286837944619008
592288252628893696
592291649356570626
592296149047840768
592298916109922304
592297731944656896
592293186778705920
592293865148837889
592298130000883712
592297852010897408
592296083272826880
592295216385687552
592297709274431489
592300689742692353
592296369060073473
592295807371476993
592300662005739520
592300131396952064
592295383990018050
592306630466740225
592303054243762176
592304306168074240
592302023510360067
592302610956222464
592301302312382464
592302286224756736
592301932800151553
592303865304723457
592304145907978240
592302665280786432
592301294972350466
592303614820909056
592301373695242241
592305660642996224
592301964857217024
592306614092308480
592313376081981442
592307682637283329
592308037802561536
592310286498959362
592308226323976192
592312666883895296
592311043302395904
592310778323021824
592310137194287104
592312804520173568
592310653299204096
592309452679712768
592312868533510145
592308328455213057
592308419622621184
592316147594186755
592317515272818688
592317103157350400
592317457475379200
592317171772043264
592314718435479552
592316116346605568
592314850346307584
592316812424937473
592314971700105217
592313828072755200
592318876496474116
592317382590210050
592324346854514688
592320829624492032
592324680075218944
592325203029524480
592326419528568832
592323424136990720
592325457724440576
592325073165389826
592325268833902592
592323037246066688
592324992341159938
592325457590235136
592324108366417921
592331213005697025
592331307880878080
592329805296578562
592326745774108673
592328659878318080
592330860143255552
592329383110541314
592328192804790272
592332968783380481
592332639589113856
592328635647832064
592338329485508608
592334656634101760
592333586734272512
592333638189977600
592336802020626432
592334978282696705
592339054487801856
592336681228865538
592337850429001729
592336698073358336
592335917924356096
592337675685888000
592339026897547267
592339760330379264
592340045224345601
592341643623272450
592341962667130880
592342067033939970
592341287447101441
592342866782855169
592339472831762432
592340961243435008
592344251528126465
592341156890947584
592341280103014401
592343977572966400
592342406449627136
592340100538761217
592341479630118912
592339935232819201
592343803245305857
592342464179998721
592342335406505987
592348777412833280
592348204026335232
592345114577653760
592349969497116672
592348809927102465
592348009997807616
592347242490540034
592349024574840834
592349728324521984
592350261454118913
592346465340559360
592350135524306944
592347374044852224
592346586946080768
592348601184952321
592350857967968256
592353790520528896
592350761213825024
592355054323019776
592350544397664256
592355847121936384
592355806160420865
592354130267504640
592355610823303169
592352602765053953
592355156085186560
592354706619437056
592352765415817216
592360767959105537
592361331937816576
592358725773430785
592358567560122369
592361610045362176
592357299601027072
592356425214492672
592356399776079872
592362345189507072
592361423352696832
592360784354672640
592361295686471680
592360847810371584
592360702850936834
592364546032930816
592367918131871744
592364807925452803
592366584854786048
592364365916950528
592363268330680321
592363731067219969
592363432847904768
592366626801995776
592362464601182208
592363638003867648
592362781665468416
592368351587868672
592363814370222080
592365529349824512
592372087689351168
592370576158642176
592372743200354306
592370226789908482
592372453902569473
592369004620066816
592370464355262464
592370309757435904
592372761890140160
592370772980596736
592372482159431680
592372761378430977
592372631187238913
592370709243899904
592370610778411008
592371475799146496
592378065809846273
592375842849759234
592377097718378496
592377039522430976
592378613955174400
592376977329299457
592374763303010305
592374976390438912
592378023556448256
592375107860996097
592373099909091328
592376200070324225
592373428931338240
592377841251012608
592378603947458560
592374969067143168
592375699178029056
592376177186091008
592376974934310912
592382796355604481
592381136757592064
592385011745099777
592379737198055424
592379594310692864
592382848721522688
592379481731375104
592381240247914496
592383492375216129
592379576581402624
592379938793095168
592382943177277440
592379519350087681
592379281008820224
592379318744981505
592383521697628160
592380080636104704
592381779849314304
592381666972184576
592380476427468800
592381687478235136
592382428603252736
592385185368276992
592388227127869442
592388013872648192
592390890271846401
592388575934611456
592387406902403072
592391063874064384
592391743124832256
592388351631568896
592388014938005504
592391867615948800
592389040147542017
592387366448312320
592387266502266880
592389454045655040
592389046913007616
592389952530350080
592391585255530498
592386421630967808
592390583185907712
592387806619504641
592386580259610624
592395138988539904
592394775094951936
592392698125946880
592392763263426560
592394042253516800
592391964194111488
592393539985608704
592394729469317120
592393472839196672
592393075189657600
592394606827819008
592393013843795968
592394238320447488
592393742767628288
592442844075274240
592403274206056448
592416303849209856
592458327998660609
592407969368707073
592468451924443136
592471118184882177
592473110135214080
592464937219452928
592470115846754304
592477276530323456
592478202473287680
592480496992432128
592480540638470144
592484779884294145
592488082257117184
592487271095406592
592486865535520768
592490418371039232
592492209238319105
592495925253267458
592494297385054208
592492841575677952
592494925217861633
592496723664052224
592493477767688193
592502070307069955
592503079871741952
592505593694326784
592505057553326080
592508482709893120
592511396564357121
592509413807693825
592507894605590529
592508922302369792
592508618169155584
592508488082792448
592513191134908416
592513072801054720
592513064617922561
592514495890608128
592517202965725185
592517115875168256
592517624052912128
592518203609370624
592521094273241088
592521173465862144
592521524717883392
592522060477272065
592520896364949505
592521218407858176
592521304709812225
592523335726198785
592523285650231296
592523473685065729
592523439824474113
592522401893588992
592522855201439744
592523298698711040
592525149653504000
592523824337289216
592524503617404929
592525095027003392
592525041876783104
592524893264039936
592526712740581376
592526595774021632
592526495802925056
592529228618313728
592529185588948993
592527731327401984
592530979958329344
592529526241923072
592530052727832576
592530127558283266
592529670836355072
592532416700395520
592532881626439680
592533727613321217
592534117738270720
592537234869526528
592535414985994241
592535620838240256
592535665574694912
592536867699961856
592538697305870336
592538510042615809
592538234686582784
592540629860646914
592539525815013376
592542569537654784
592542239563378688
592541356645453825
592543024355282944
592543019749900288
592542226527420416
592542968998821888
592544896612859905
592543355210321920
592544191206535170
592543723298230273
592546423024918528
592546301864058880
592545327015665664
592545267859070976
592545752917782528
592548402937790464
592548254799175681
592548359484801024
592549826123796480
592549944751337472
592548743204962304
592549938073980928
592551350350716928
592551221132562432
592550936331030528
592550480963883008
592552801546305536
592552408053518336
592552943125041152
592552601767448577
592553332306087936
592553548237307904
592554614534184960
592555718617632768
592557696097722368
592557753152901120
592557485518491648
592556996752056320
592557494519656448
592557729626992640
592557120505024512
592560469694644224
592559239765229568
592560157306982400
592560461909921792
592560942979756034
592562250189295616
592561665104744448
592561602072682496
592562912293621760
592563138374934528
592563297024512000
592563093185568768
592564678464679936
592565397037182977
592564683682422784
592565219987193856
592565675895296000
592565455337828353
592566812300021760
592565903918649345
592566573870620673
592566891400589312
592566314855735296
592566876179341312
592568637904457728
592568780401684480
592568363408232449
592568573609934848
592567257231978497
592569301237768192
592569607329697794
592569341452767232
592570084914233344
592571302566764544
592572149895811072
592573306831765505
592572849300250624
592572711081127936
592573081283006464
592572509351882753
592575140698988544
592573407687942144
592575170075893761
592573599027843072
592574305218596864
592576416266366976
592575313298595841
592575830074720257
592576469747937281
592575816250183680
592576545132126208
592576861936291840
592577844334604288
592577300287229952
592578085922320384
592577578663161856
592578484263788544
592579309899948032
592578762992025600
592579702939783168
592579854916128768
592579403839721472
592579482407424000
592579831377760256
592580103969722368
592579896087449600
592579789745033216
592579617749278721
592581834057191425
592580627251077120
592580495239589888
592581358775599105
592580312929959936
592581592515612672
592581865610969088
592580850971123713
592582762697101312
592583750971576321
592584169827471360
592584328938323968
592583407760232448
592583823495278593
592583720827228160
592585807346597888
592584433712046080
592585525497700352
592584989092421632
592586598518235136
592586955730210816
592586835500478464
592586922175832064
592588796836716544
592588167104036865
592588105271484416
592588449619648512
592588882530705408
592590038623354881
592590221260234753
592589928560611328
592588996468994048
592589834960637952
592590451552559104
592589790626775040
592589383745712128
592589917789822976
592589241789468672
592590882450198529
592591885278908416
592593260708831232
592595325853900800
592594116925530112
592594537232629760
592595174963937280
592595363011239936
592595552723804163
592597036823760896
592597055241134080
592598491706232832
592598211014971392
592597885679632384
592600545451380736
592600165162360832
592600736938139648
592598999502204928
592599375387328513
592600033272274944
592598952450478080
592601478071627776
592601439324614656
592602722278354944
592603150047059968
592603093344256000
592602550412529664
592603745927634944
592605024590499840
592603973342744576
592604383046578176
592603962911502336
592605903246921728
592607636459225088
592607368812236800
592607126255710208
592607880450215936
592606130880122880
592609666309296128
592607958946578432
592608596279435264
592611626559229953
592611676383358976
592610036033015808
592611013364686848
592610355823554560
592614078964576257
592613335033466880
592613731328069632
592612064952066048
592613271724658689
592613929416728576
592613706875305984
592614194781888513
592614462965714944
592615081138999297
592614208459550720
592615676344303616
592614880592572416
592614552627519488
592614190084296706
592615049346220033
592617468004175872
592616527083376640
592616054712479744
592617243516604416
592616549791506432
592618338649579520
592619075957870592
592618355191730177
592618316121960449
592620433280667648
592621963530539009
592620564419780608
592623538613395457
592623888766382081
592622439042953216
592623488696913920
592626170765692928
592624864797818880
592625937906212864
592624358847164416
592624547548909568
592625884705660929
592626713617653760
592627896260263936
592626910191955968
592628242831450112
592627766652227584
592626591080910848
592627440129703936
592629105444552705
592628956584521728
592629652818034688
592632025141551104
592632778451132417
592631226931941376
592630990419333120
592630528022577154
592631087936843776
592630687594721280
592634022431326208
592634239411101696
592636180094672896
592635609849602050
592636278753009665
592636075522166784
592637510523564032
592637788681424896
592639408576155648
592639917831794688
592641645398470656
592641745524920321
592641751514353664
592641402380505089
592642778875625472
592642423265894401
592643330435096576
592643848385335296
592643860242673664
592644093508849664
592645149282340864
592643776625123328
592644694800216065
592647856160378881
592645898171248640
592647749562146816
592648999825375232
592648262315876353
592648479077314560
592648392691560449
592649659975340032
592648307291332610
592648593384738816
592649678425993216
592649050484117504
592651268964782080
592652895713112065
592651886215430144
592651323486523392
592652635439697921
592652513360220160
592650977926377473
592654739315302401
592653795735314433
592653317647540224
592654216453365760
592654747175358464
592656253207367680
592657036715937792
592655862247854080
592656623518220290
592657362722398209
592656054489591808
592655795105472515
592660515886866435
592659476030820352
592660265763794944
592658410648252416
592660156183371776
592661430979141633
592662225573302276
592661298036547585
592663339928522752
592666086690189313
592668434799931393
592667857240076289
592668406421282816
592667760880132096
592668891479957505
592669999023554560
592669412227993600
592669847399624708
592669906501574658
592670038882136066
592670131114909697
592669473334759426
592668554568282112
592671978781286400
592670581960658944
592670897477165059
592672844120743937
592672731835047936
592672941382459393
592674242854002689
592675022130511872
592676733117145088
592677101070843904
592676934582194176
592678193716436992
592678115589156866
592677666144288769
592677515514269696
592677842439254016
592677735685869569
592680136367075329
592679813770543105
592680441901088768
592679798817816576
592682158814339072
592681038150774784
592681181998624768
592684065448456193
592684009563549696
592683264059506688
592682989684916225
592683279188361217
592683296078848002
592682903940767745
592683588258308098
592685724828327936
592685568900919296
592685755228618755
592684945828634625
592685030675238913
592685850321932290
592684689015574530
592686844678123522
592689709001908224
592690538870153217
592689554357886976
592692667231907841
592691358512603138
592692245180108800
592691145018314752
592694401677287424
592694344655699968
592694206201737216
592696568299524098
592695403939770368
592697748400517121
592697000052838400
592697270811889666
592697454451171330
592696882679422977
592696857815572481
592699381796753408
592698989507715075
592698855906476032
592699993766686720
592699456975478784
592699468543307776
