592584328938323968
592181502391164929
592252499324571649
592603745927634944
591870747217301504
592590451552559104
591974700596604928
592683264059506688
592490418371039232
592544191206535170
592301373695242241
592685850321932290
592557485518491648
592228500779630592
592335917924356096
592557696097722368
592026710985478145
592564678464679936
592239400655794176
592350857967968256
592684689015574530
592683296078848002
592594116925530112
591853577993256960
592656623518220290
591743080253919232
591864878903664641
592259871917015041
591935928748244993
592655795105472515
592245462285029376
592699381796753408
592259581952315393
592297852010897408
592530127558283266
592546423024918528
592606130880122880
592668434799931393
592614190084296706
592649659975340032
592686844678123522
592577844334604288
592067322543677443
592200171280310272
592545752917782528
592523473685065729
592636180094672896
592656253207367680
592576469747937281
592549826123796480
592593260708831232
592699993766686720
592092934742278144
592160227279052801
592653795735314433
592644694800216065
592350135524306944
592521094273241088
592535620838240256
592584433712046080
592684065448456193
591974522338684928
591989931360169985
592387406902403072
592492841575677952
592206097576022017
592561665104744448
592370610778411008
591877330215141376
592598952450478080
592626910191955968
591857265184911360
592212430895222784
592672731835047936
592625884705660929
592522060477272065
592219607278071809
591999667489017857
592324680075218944
592697270811889666
592584169827471360
592525149653504000
592566891400589312
592231556359528448
592535665574694912
592355610823303169
591900199447990274
592407969368707073
592573081283006464
592550480963883008
592685724828327936
592517624052912128
592694401677287424
592696568299524098
592295216385687552
592643860242673664
592493477767688193
592508488082792448
591926171022987265
592219428869120001
592366626801995776
592583750971576321
592480540638470144
591848220940111873
591741332177063937
592239706445864961
591882686962143233
592614880592572416
592677735685869569
592605024590499840
592348777412833280
592694206201737216
591903690555953152
592526712740581376
592044751278317569
592152923561336832
592052803209564161
592607958946578432
591899346167140352
592242604827226112
591861056294682624
592689554357886976
592669473334759426
592671978781286400
592494297385054208
592524893264039936
592577578663161856
591853733442498560
592668406421282816
591867004237164544
592572711081127936
592238944743395328
592521524717883392
592601478071627776
592670038882136066
592000357418409984
592576861936291840
591921698376552449
592627766652227584
592641645398470656
592626591080910848
592350544397664256
592364365916950528
592240674885410819
592002709676392448
592613929416728576
592698855906476032
591926684598685696
591855476498780162
592236624379039744
592535414985994241
592227112431525889
592569301237768192
592654216453365760
592624547548909568
591915670910164993
592641745524920321
592184593043750912
592559239765229568
592018278819606529
592372087689351168
592342406449627136
591977196421427202
591897729648828416
592258077954445312
592567257231978497
592046368186716161
591747119406403584
592600165162360832
592468451924443136
592270013781774337
592226055420715008
592680136367075329
592679813770543105
592647749562146816
592626713617653760
592523298698711040
591956777446420481
591855093428817920
592579831377760256
592630687594721280
592651323486523392
591861022266249216
591785641878290432
592557494519656448
592692245180108800
592685030675238913
592387806619504641
592029274636333056
592123472077197312
592403274206056448
592654739315302401
592663339928522752
592470115846754304
592227121214402560
591882051294486528
592203930664329217
592205554824704000
591914091003838465
592573599027843072
592565219987193856
592677842439254016
592589928560611328
592649678425993216
592623538613395457
592589241789468672
591977226586836992
592622439042953216
592648307291332610
592696882679422977
592595174963937280
592644093508849664
592539525815013376
592551221132562432
592330860143255552
592040051191750658
592548402937790464
592188871317725184
592645898171248640
592603973342744576
591906097314725888
591862674926874624
592579702939783168
592060612613513216
592536867699961856
592614194781888513
592244880597889025
592588796836716544
592254307874918401
592580312929959936
591881849762250752
592276098450231296
592218574426484736
591914121773191168
592554614534184960
592643330435096576
592557729626992640
592521173465862144
592595363011239936
592685755228618755
592553548237307904
592658410648252416
592685568900919296
592525095027003392
592532416700395520
592670131114909697
592678193716436992
592691145018314752
592603962911502336
592523824337289216
592442844075274240
592565675895296000
592598211014971392
591857281718824960
592173695600300032
592316147594186755
592538234686582784
592543723298230273
592602722278354944
592672941382459393
592274773549285376
592563297024512000
592669847399624708
592211030555684864
592218185295761408
591910327492579328
592639408576155648
592232786850750464
592505593694326784
592590221260234753
592226202028380160
592672844120743937
592682989684916225
592668891479957505
592513191134908416
591988896935739392
592597036823760896
591916777883336704
592237661516992512
592655862247854080
591815332097961985
592632025141551104
592568637904457728
592589383745712128
592523335726198785
592623888766382081
592677101070843904
592699468543307776
592642778875625472
592522855201439744
592630990419333120
591994433526104064
592201169155411969
592551350350716928
592568780401684480
591864907928305664
592325203029524480
592488082257117184
592566812300021760
592674242854002689
592620433280667648
592615049346220033
592641751514353664
591906711029452800
592659476030820352
592578484263788544
592607126255710208
592566876179341312
592575140698988544
592243032822390784
591994277019922432
591905189390462976
592508618169155584
592487271095406592
592635609849602050
591856034135703552
592383492375216129
592697000052838400
592598999502204928
592572149895811072
592588996468994048
592636075522166784
592627896260263936
592589917789822976
592681181998624768
592573306831765505
592552408053518336
592631226931941376
592669906501574658
591989428609941504
592676934582194176
592565455337828353
591855694355177472
591943627149942784
592591885278908416
592684945828634625
592280542168514561
592521304709812225
592695403939770368
592667857240076289
592502070307069955
592669412227993600
592273139612061697
592052033848410112
592363432847904768
592583407760232448
592680441901088768
592585525497700352
592263661181370368
591855659953442816
592341287447101441
591939467365060608
592615676344303616
592343803245305857
592279468380725248
592373099909091328
592682903940767745
592226464960909313
591898229551169537
592565903918649345
592675022130511872
592563138374934528
592229137483304960
592557753152901120
592529526241923072
592044876931289088
592297731944656896
592657362722398209
592616527083376640
592154801934336000
592651268964782080
592550936331030528
592285702307479552
592542226527420416
592523439824474113
592172146845036544
592572509351882753
592545327015665664
592218693708349441
592025164872691712
591853247033376769
592570084914233344
591852757826408448
592602550412529664
592691358512603138
591992755699589121
592678115589156866
592214982009323520
592021087505883138
592568363408232449
592390890271846401
592484779884294145
591871455685513216
592600736938139648
592522401893588992
592581834057191425
592199737173938177
592676733117145088
592304145907978240
592648999825375232
592210236196294656
592250006175789056
592000117961396224
592532881626439680
591922046637969408
592583823495278593
591887193850843136
592283845250023424
592690538870153217
592614078964576257
592575830074720257
592175973203771392
592669999023554560
592492209238319105
592566573870620673
592613271724658689
592603093344256000
592689709001908224
592168058761842688
591926944733597699
592185923644878848
592653317647540224
592114148265201664
592589790626775040
592586922175832064
592601439324614656
592582762697101312
592381666972184576
592699456975478784
592385011745099777
592308419622621184
591864424039731201
592625937906212864
591862230221619200
592280521171869696
592495925253267458
591906497610665984
592362345189507072
592458327998660609
592144974919106560
592326745774108673
591883960516378624
592494925217861633
592480496992432128
592614552627519488
592508482709893120
592548254799175681
592251916350050304
592553332306087936
592660265763794944
592529228618313728
592507894605590529
592634022431326208
592508922302369792
592007278213070848
592304306168074240
592590882450198529
591860029109637123
591961378610524161
592662225573302276
592181896349646849
592626170765692928

592620564419780608
592321031647277056
592052489240780800
592667760880132096
592328659878318080
592305031824613376
592239896103780352
592588449619648512
591988237209505793
592391743124832256
592618355191730177
592681038150774784
592275945391697920
592543024355282944
592209571508158464
592197498342494208
591968116919410690
592208493848895489
592391381579993088
592612064952066048
592376177186091008
592301945525641216
592643776625123328
592262151416459264
592589834960637952
592218605044912128
592206189028511745
592279583606632448
592278198596997121
592697135390416899
591989771473391616
592645149282340864
592156478422712320
592621963530539009
592579403839721472
592209897825013761
592247746251214848
592526595774021632
592339472831762432
592342464179998721
592379519350087681
592067446158204928
592041494447394817
591995887360057345
591985786880327682
592352765415817216
592220518763274241
592336802020626432
592370309757435904
592393075189657600
592648593384738816
592302610956222464
592580495239589888
592513064617922561
592181103676391424
592317103157350400
592144301603225600
592324982622986240
592597055241134080
592052647873482752
592379481731375104
592243905816563712
592203258401173504
592300662005739520
592239782618636288
592025271768866816
591987632097202177
592310653299204096
592373031063785472
592035712465129472
592049012577947648
592316812424937473
592697454451171330
592684009563549696
592360784354672640
592034258039902208
592043320714465280
592197561575833600
592588105271484416
592357299601027072
592639917831794688
592380476427468800
592346465340559360
592195341455233024
592224931875794944
591975873009582080
592215884669693952
592698989507715075
592358567560122369
591987020924260354
592579482407424000
592027270270726146
592375842849759234
592269475203919872
592542569537654784
592590038623354881
592350761213825024
592312804520173568
592262004263424002
592364546032930816
592323424136990720
592161141830209536
592372453902569473
592696857815572481
591996367784026113
592287188995448832
592392698125946880
592370772980596736
592255633400860673
592250977043910656
592183620896456704
592527731327401984
592277073118437377
592155414029991937
592349624666427392
592147756615127042
592373428931338240
592187621213806592
592247011862188032
592667835735928833
592186643290853376
592143616782405632
592522897584836608
592382943177277440
592344251528126465
592379594310692864
592607368812236800
592648479077314560
592393244136185856
592233687825055745
592014898785230848
592576416266366976
592560461909921792
592349024574840834
592045590847983616
592306614092308480
592370576158642176
592236529654702080
592298130000883712
592230864123088896
592019272903172096
592682158814339072
592207177642856448
592575313298595841
592364807925452803
591915875638325248
592394238320447488
592301932800151553
592392763263426560
592030087714856960
592035222650167296
592012462423052288
592573407687942144
591985311665684480
592291175530246144
592211486795137024
592197443225194498
592580850971123713
592194905511890944
591992680479006721
592249795596562433
592313828072755200
592473110135214080
592637788681424896
592022407885496320
592176946642980864
592244636325978112
592007187213393920
592354706619437056
592202500435902467
592034145645121536
592018533673869313
592217003164868608
592284518796529664
592288252628893696
592624864797818880
592199197446770689
592628242831450112
592345106625232896
592537234869526528
592339935232819201
592546301864058880
592314718435479552
592272207864139776
592221039867793408
592401648019865602
592394905571307520
592278726328463360
592100827428360192
592329805296578562
592377039522430976
592014627862523904
592246969487069185
592031015259873280
592281354680696832
592261510048522242
592312666883895296
592089446830440448
592641402380505089
592549938073980928
592026863398199296
592295383990018050
592207027549540353
592061445828775938
592233887851368448
592290946823270400
591991005248782336
592610355823554560
592022722437218304
592244040587878400
592097046309441537
592209596183285762
592341280103014401
592394613249351680
592310286498959362
592386421630967808
592248641227591680
592310778323021824
592272296863215616
592283024668131328
591985972109123585
592303054243762176
592605966132056064
592382796355604481
592025366794936321
592264283704070144
592231549833097216
591997966010855424
592328635647832064
592033253781037056
592196353381388289
592231066083184640
592363638003867648
592347374044852224
592613731328069632
592627440129703936
592293865148837889
592583720827228160
592321499517726721
592530979958329344
592251272482267136
592341479630118912
592363814370222080
592269368668491776
592208546428637185
592328192804790272
592222331025502208
592312868533510145
591991666526957568
592026266569543680
592370226789908482
591999421975396352
592366584854786048
592377841251012608
592525041876783104
592363268330680321
592587948123561985
591995052169105408
591976580232052736
592391867615948800
592142806304436224
592274977384075264
592614208459550720
592215865992568832
592200980906672128
592333638189977600
591989264256106499
592368351587868672
592697492422144000
592215009255555074
592618316121960449
592318876496474116
592054993068302337
592320829624492032
592052475806396417
592560736855011330
592223004282589184
592529185588948993
592611013364686848
592290022390398978
592037260905869312
592050419259453440
592379576581402624
592360767959105537
592180370591850496
591999286679769090
592032028930879488
592503079871741952
592381240247914496
591997919529570304
592289768211283969
592346324286050305
592000290921918464
592030914793836544
592370709243899904
592006342212063232
592210395663728641
592303865304723457
592370464355262464
592374976390438912
592372482159431680
592308328455213057
592243506342731776
592286175609561089
592517202965725185
592478202473287680
592241024249925632
592107886001541120
592578085922320384
592292157882413056
592619602619736064
592207802396971008
592217547535056896
592389454045655040
592486865535520768
592361331937816576
592010391200215040
592616054712479744
592027147243401216
592617243516604416
592288174677757952
592382428603252736
592628956584521728
592267700853821440
592262536063492096
592247872919183361
591979790627840000
592262421433098240
592257971767250944
592347499748335618
592305660642996224
592300689742692353
592513072801054720
592343977572966400
592344703850254336
592283358391996416
592324108366417921
592338329485508608
592125028558184448
592342067033939970
592015991573360640
592249577006239744
592358725773430785
592215372582891520
591988401621962752
592296369060073473
592028374794539008
592394775094951936
592315161282678784
592336698073358336
592564683682422784
592298916109922304
592045569591234560
591978910713139202
592556996752056320
592521218407858176
592340045224345601
592316116346605568
592588882530705408
592245464700833792
592286837944619008
592610036033015808
592668554568282112
592379281008820224
592569341452767232
592560157306982400
592660515886866435
592086812593557504
592213627148505088
592068279033794561
592520896364949505
592332968783380481
592082703232540673
591978159102435328
592029527804542976
592253039299330048
591979126350741505
592273283233353728
592315004533084160
592636278753009665
592242055788658688
592464937219452928
592245742774849537
592538697305870336
592263482415845376
592248331339898880
592377097718378496
592092586174611459
592342335406505987
592159197174697985
592160896824246272
591994540166250497
592023168681775104
592575816250183680
592372631187238913
592239615194439680
592279403679223809
592324346854514688
592572849300250624
592223584153505792
592577300287229952
592338525514702848
591993859736870912
592075271013969920
592159521243435008
592654747175358464
592325268833902592
592217368375402496
592533727613321217
592386580259610624
591995512171024387
592643848385335296
592043734218375168
592389046913007616
592511396564357121
592657036715937792
592388351631568896
592184910741286913
592356570421268480
592381136757592064
592394042253516800
592317382590210050
592059620799057920
592071141965045763
592003933238759424
592341156890947584
592600033272274944
592340100538761217
592394729469317120
591988336090173440
592146601432387584
592632778451132417
592388013872648192
592201203347378177
592677666144288769
592611626559229953
592033451718479873
592332639589113856
592471118184882177
592355806160420865
592149547788275712
592378065809846273
592599375387328513
592361610045362176
592360702850936834
592348204026335232
592379078344249344
592326419528568832
592586598518235136
592607636459225088
592378613955174400
592219443742134272
592028815234207745
592002516369309697
592143030699872257
592006860271521793
592049388232531968
592217703563177984
592349728324521984
592378023556448256
592022537682427904
592349610988843008
592605903246921728
592381687478235136
592557120505024512
592365529349824512
592330937448280064
592258310696501248
592309452679712768
592341962667130880
592576545132126208
592239653077393408
592529670836355072
592029398368411648
592648392691560449
592382848721522688
591976009823428608
592679798817816576
592509413807693825
592552943125041152
592041383965249536
592390065281585154
592561602072682496
592372761378430977
592614462965714944
592302665280786432
592148963110703105
592066101166616577
592314971700105217
592208444402208768
592307682637283329
592324992341159938
592661430979141633
591991020142792704
592223549521154049
592630528022577154
592563093185568768
592066377768443904
592549088886923264
592044539675680768
592380080636104704
592273191751389184
592395138988539904
592584989092421632
592281070776651776
592393742767628288
592189847936180225
592018368279908352
592317515272818688
592032983135072256
592586835500478464
592496723664052224
592344097743998976
592247418374094848
592376977329299457
592215736669442050
592008765039247360
592677515514269696
592615434207264768
592058423933440000
592341718017540096
592579854916128768
592037727727529985
592355188909875200
592367062657343488
592569607329697794
592277527432859649
592238754825273345
592225934016544768
592651886215430144
592301964857217024
592670897477165059
592594537232629760
592565397037182977
592697748400517121
592393472839196672
592560942979756034
592237706119225344
592224514198540288
592024069446348800
592272097356845057
591979747296485376
592334656634101760
592285803058868224
592661298036547585
592416303849209856
592611676383358976
592575170075893761
592009582353862656
592541356645453825
592373593394323459
592024096059305984
592391964194111488
592179384385024000
592310137194287104
592616549791506432
592372761890140160
592223073996124160
592269207905046528
592058471354216448
592579617749278721
592139574266044416
592360847810371584
592179127303667712
592388227127869442
592216632954486786
592213511796752384
592196446797090816
592595325853900800
592251391508283392
592674856279355393
592552801546305536
591999588766228482
592211633142796288
592331213005697025
592251449054076928
592287122192609280
592170761382596609
592220994326040576
592670581960658944
592346586946080768
592329383110541314
592240257518542848
591986194893901824
591986527355338752
592323037246066688
592619075957870592
592356399776079872
592568573609934848
592018397384286208
592379938793095168
592169535878365184
592337850429001729
592254742979444736
592298894471528448
592370905885605889
592588167104036865
592660156183371776
592694344655699968
592604383046578176
592004392091406336
592649050484117504
591933551798419456
592543019749900288
592297709274431489
592261617682808832
592333677595480065
592372840042639360
592301302312382464
592197933690261504
592039073503584256
592363731067219969
592348601184952321
592624358847164416
592597885679632384
591922042481479680
592007873560875011
592191998196494336
592542239563378688
592154692970385408
592578762992025600
592629105444552705
592341643623272450
591992777736499200
592647856160378881
592697535271174145
592371475799146496
592029815596810241
592033004001726464
592548359484801024
592345114577653760
592580627251077120
592221666312204288
592264581965197313
592683279188361217
592249969987461121
592334978282696705
592048683866173440
591991403783159808
592379737198055424
592530052727832576
592603150047059968
592286450135076867
592247726194040832
592598491706232832
592355847121936384
592005075481964544
592233496615071745
592222997156474880
592389040147542017
592666086690189313
592617468004175872
592224438575190016
592363863720333312
592214348455514112
592562912293621760
592279426030641153
592174366344884224
592393539985608704
592206570974416897
592011381005651968
592293186778705920
592600545451380736
592226833552179200
591973907143335936
592206288857108482
592178230452326401
592184317712965634
592375107860996097
592241031162105856
592517115875168256
591987578498232321
592608596279435264
592278091386454016
592295807371476993
592271940242444289
592387366448312320
592393013843795968
592220359803437056
592085243659571200
592523285650231296
592049561398480896
592176920617361408
592207474062659584
592311043302395904
591984141773639680
592076323297759232
592336609548337152
592049417856909314
592182738637062145
592514495890608128
592217837361442816
592001984951029760
592560469694644224
592374969067143168
592337675685888000
592022312226050049
592375699178029056
592619730608861184
592296083272826880
592656054489591808
592192429928763392
592263722346749952
592314044746366977
592281143434608640
592581865610969088
592308037802561536
592613335033466880
592176679214133248
592300131396952064
592314850346307584
592652635439697921
592477276530323456
592658425567453184
592642423265894401
592147423683678208
592188043785678848
592012112500666370
591975888494854145
592026322865500160
592362464601182208
591992326504849408
592229010060410880
592016806153293825
592353790520528896
592349969497116672
592211354515156992
592259302917677057
592361423352696832
592213017821106176
592534117738270720
592331307880878080
592579896087449600
592385185368276992
592586955730210816
592376200070324225
592579309899948032
592303614820909056
592369004620066816
592317457475379200
592282804114870272
592272663910817792
592362781665468416
592574305218596864
592183073443172352
592347242490540034
592005225709461505
592585807346597888
592244931181293568
592237757226881025
592394606827819008
592270761898811392
592258807683686400
592236359823151104
592368286785884161
592623488696913920
592545267859070976
592323852610371584
592004040961069057
592609666309296128
592339054487801856
592308669963833345
592615081138999297
592021652533153792
592631087936843776
592193754393489408
592028384634503168
592325457724440576
592383521697628160
592252959884320768
592049216568066049
592350261454118913
592214320127193088
592579789745033216
592566314855735296
592010581550333952
592031700697255936
592257707408642048
592348809927102465
592024270705860608
592053799033970689
592549944751337472
592389952530350080
592117505356730369
592540629860646914
592005202816827392
592190504470589440
592354130267504640
592388014938005504
592054705838268417
592361295686471680
591986490038558722
592538510042615809
592299336177856512
591990204983971840
592040884427890688
592332896591093760
592191451674476544
592543355210321920
592016672355061760
591999934427045888
591939270673182721
592524503617404929
592544896612859905
591974595525128195
592181723967926274
592581592515612672
592029014887399424
592317171772043264
592376974934310912
592279031594123264
592301294972350466
592637510523564032
592207134323965952
591980083478302720
592585616438636544
592355156085186560
592137179234631680
592206967608741889
592198032810123264
592652513360220160
592291649356570626
592044401599221760
592663760919232512
592355054323019776
592336681228865538
592017398363918336
592251287820849152
592526495802925056
592372743200354306
592048956089106432
592145694057746432
592032737839685632
592390583185907712
592302023510360067
592683588258308098
592003335454076929
592518203609370624
592296149047840768
592141305343381505
592555718617632768
592325073165389826
592346935626838016
592313376081981442
591977781749223424
592285545444679681
592325457590235136
592246635071049728
592256891226468352
592505057553326080
592352602765053953
592027572952834048
592595552723804163
592340961243435008
592339026897547267
592348009997807616
592387266502266880
592552601767448577
592082404971454464
592096370355351552
592613706875305984
592391063874064384
592265539377967106
592333586734272512
592618338649579520
592181615658291200
592001500198490112
592162799498854400
592221210928230401
592049438908092416
592210302302720001
591999611184680961
592374763303010305
592652895713112065
592309926526980097
592206738507440128
592232533900701696
592048938355589120
592279829644333057
592542968998821888
592648262315876353
592342866782855169
592356425214492672
592692667231907841
591981776794296321
592391585255530498
592339227976806400
592379318744981505
592580103969722368
592571302566764544
592179623611342850
591974898139987968
592580417871450113
592388575934611456
591983826018041856
592628934358863872
592275018131771392
592162027881140225
591986294554632192
592634239411101696
592306630466740225
592562250189295616
592236798186684416
592392312849739776
592381779849314304
592049425868050433
592650977926377473
592202232453591040
592041784634580993
591996373869826048
592308226323976192
592135286466945024
592367918131871744
592302286224756736
591992896485597184
592607880450215936
592581358775599105
592629652818034688
592378603947458560
592548743204962304
592220239095431168
592021167046819841
592339760330379264
