591766540036534272
591748310345486336
591727671433764865
591747119406403584
591827826111746048
591850261838041088
591850197577138177
591850401936248832
591834330202251265
591852035932192769
591854664859013120
591854454967836672
591854834795487232
591853453309153280
591856257507532801
591856540858056704
591856653059760128
591855610968150016
591855234110001152
591858966046486528
591858442190528512
591857918326149121
591857846595112961
591857915855699968
591859212713533441
591859753577381888
591860378985857024
591864745524727808
591863441851359232
591866286797230080
591865952582705152
591867534984359936
591868682499788801
591868674723581952
591867290502598656
591867942041587712
591869872474181634
591869567355334656
591871616885358593
591871455685513216
591869630857154560
591870800359071745
591870820831535104
591874575971016704
591874425693175809
591871894963494913
591871913250590720
591876945429733377
591880228290441216
591880262952161281
591878884603232256
591880023105085440
591883001098858498
591882681937371136
591883357656485888
591883406394269696
591883343236476928
591882652229115904
591882440894976000
591881266934501377
591885742848114688
591885591760936960
591883960516378624
591888621654835200
591889273378312192
591889262313807874
591888512527400960
591894297642827776
591897551499960320
591901579810209792
591905244973506560
591912979114909696
591915670910164993
591915875638325248
591919547805863937
591918475116818432
591923062108344320
591922042481479680
591927435807055872
591934983452790785
591932042314522624
591933551798419456
591934560499204097
591931234151845889
591932650819948544
591935714197184512
591939270673182721
591942425637101570
591941428122492928
591947815019945984
591944792671551488
591950712608686081
591956681011113984
591952142979584000
591961839296237569
591964827624443904
591968116919410690
591974898139987968
591978159102435328
591978910713139202
591975873009582080
591976580232052736
591975888494854145
591979126350741505
591973907143335936
591977781749223424
591977196421427202
591981776794296321
591983826018041856
591979747296485376
591979790627840000
591984141773639680
591980083478302720
591989771473391616
591986194893901824
591985311665684480
591989264256106499
591987632097202177
591987020924260354
591986527355338752
591988237209505793
591988336090173440
591987578498232321
591986490038558722
591985972109123585
591985786880327682
591986294554632192
591993859736870912
591994540166250497
591991666526957568
591992896485597184
591994316572069888
591991403783159808
591991020142792704
591992777736499200
591991005248782336
591992680479006721
591992326504849408
591997919529570304
591997966010855424
591995512171024387
591995887360057345
591995052169105408
591999421975396352
591999588766228482
591996373869826048
591999611184680961
592000290921918464
592001500198490112
592004392091406336
592002516369309697
592003933238759424
592005075481964544
591999934427045888
592003335454076929
592004040961069057
592001984951029760
592009567321460736
592010391200215040
592006342212063232
592009582353862656
592007873560875011
592005202816827392
592006141476937728
592005225709461505
592006860271521793
592010581550333952
592008765039247360
592015991573360640
592012112500666370
592014627862523904
592014898785230848
592014640407687168
592012462423052288
592011381005651968
592017191807029248
592018533673869313
592018397384286208
592021167046819841
592016672355061760
592019272903172096
592016806153293825
592017398363918336
592022537682427904
592025271768866816
592021682614710273
592024270705860608
592024069446348800
592022407885496320
592021652533153792
592022722437218304
592026266569543680
592026322865500160
592025366794936321
592022312226050049
592023168681775104
592029398368411648
592027270270726146
592027572952834048
592027147243401216
592026863398199296
592029815596810241
592029527804542976
592028374794539008
592028384634503168
592028166237093889
592029014887399424
592031700697255936
592031015259873280
592030087714856960
592030914793836544
592028815234207745
592033004001726464
592035712465129472
592033051720290306
592037260905869312
592035222650167296
592032737839685632
592039073503584256
592033451718479873
592033253781037056
592034145645121536
592032028930879488
592032983135072256
592048938355589120
592041494447394817
592045590847983616
592044401599221760
592042501235572736
592040884427890688
592041784634580993
592041383965249536
592044539675680768
592043320714465280
592043734218375168
592048683866173440
592054705838268417
592053799033970689
592052647873482752
592059620799057920
592050419259453440
592054678545780737
592052489240780800
592052475806396417
592058471354216448
592049438908092416
592049425868050433
592058423933440000
592058315070414848
592054891415216129
592054993068302337
592049012577947648
592049417856909314
592049216568066049
592049388232531968
592075271013969920
592082703232540673
592082404971454464
592076323297759232
592069292285415424
592086812593557504
592067446158204928
592071141965045763
592085243659571200
592066101166616577
592068279033794561
592066377768443904
592061445828775938
592063283667996672
592113627890581504
592100827428360192
592107074428895233
592089446830440448
592108968031326208
592107886001541120
592096370355351552
592116568915456000
592125028558184448
592097046309441537
592117505356730369
592092586174611459
592135286466945024
592139574266044416
592128995363192833
592143030699872257
592142806304436224
592137775102590976
592137179234631680
592147423683678208
592147756615127042
592144301603225600
592148963110703105
592149547788275712
592145694057746432
592143616782405632
592153207100440578
592146601432387584
592156478422712320
592162799498854400
592161141830209536
592159521243435008
592160896824246272
592155414029991937
592162027881140225
592161866538831873
592157105613737984
592154692970385408
592172256115040257
592163351477649408
592169535878365184
592170761382596609
592169704556339200
592166013459763201
592175474958176256
592179623611342850
592176920617361408
592177710601883648
592178230452326401
592176946642980864
592179127303667712
592178794892435456
592174366344884224
592179384385024000
592184910741286913
592181723967926274
592181106885046274
592183620896456704
592181615658291200
592183532744744962
592184317712965634
592181103676391424
592182738637062145
592186643290853376
592188043785678848
592190504470589440
592191412810227712
592187621213806592
592191451674476544
592189847936180225
592197869530025985
592197443225194498
592198347898793984
592192429928763392
592191998196494336
592197561575833600
592194905511890944
592197498342494208
592193754393489408
592196353381388289
592195341455233024
592196446797090816
592198032810123264
592202500435902467
592201203347378177
592202232453591040
592203258401173504
592199197446770689
592208493848895489
592206288857108482
592206570974416897
592209897825013761
592206738507440128
592207474062659584
592207802396971008
592206189028511745
592207177642856448
592204578923352064
592209596183285762
592207134323965952
592209658141548545
592206967608741889
592206066663890944
592209571508158464
592208546428637185
592209784562155520
592217003164868608
592212852137590784
592215884669693952
592211633142796288
592216632954486786
592211354515156992
592214320127193088
592213017821106176
592213511796752384
592215736669442050
592211486795137024
592213803552477184
592210395663728641
592213627148505088
592215372582891520
592214348455514112
592215865992568832
592210302302720001
592217703563177984
592221210928230401
592218605044912128
592220239095431168
592217368375402496
592217291619700736
592221039867793408
592220518763274241
592217547535056896
592217837361442816
592219443742134272
592223073996124160
592217788854308864
592220994326040576
592221666312204288
592222997156474880
592220359803437056
592223004282589184
592222233906393089
592223549521154049
592225934016544768
592224031920627712
592223584153505792
592224438575190016
592224514198540288
592226833552179200
592224931875794944
592227175559921665
592227467164651520
592229010060410880
592229137483304960
592229246157783040
592231066083184640
592230864123088896
592232533900701696
592231549833097216
592233887851368448
592233687825055745
592233496615071745
592238754825273345
592236529654702080
592236798186684416
592239615194439680
592236359823151104
592237757226881025
592237706119225344
592239653077393408
592240639611412480
592239896103780352
592241024249925632
592242055788658688
592241031162105856
592239782618636288
592240257518542848
592243905816563712
592245464700833792
592244040587878400
592247011862188032
592246635071049728
592244931181293568
592247872919183361
592243506342731776
592245742774849537
592246969487069185
592247418374094848
592247746251214848
592251272482267136
592248641227591680
592253039299330048
592252959884320768
592251287820849152
592249577006239744
592251449054076928
592249795596562433
592250206294519808
592248331339898880
592250977043910656
592251391508283392
592249969987461121
592256891226468352
592258807683686400
592255633400860673
592259302917677057
592257707408642048
592258310696501248
592259067969581056
592262080322928640
592264581965197313
592264283704070144
592262151416459264
592263482415845376
592261510048522242
592263722346749952
592265539377967106
592262536063492096
592262004263424002
592262421433098240
592267700853821440
592271940242444289
592272445505056768
592269368668491776
592272296863215616
592268143252254720
592269165710282752
592269863873159168
592272097356845057
592270761898811392
592269475203919872
592269207905046528
592274977384075264
592272866776784896
592275945391697920
592278198596997121
592278498275827712
592277073118437377
592279031594123264
592279403679223809
592279426030641153
592273283233353728
592279829644333057
592278726328463360
592274380576526337
592277527432859649
592279583606632448
592273191751389184
592275018131771392
592272663910817792
592275146448052225
592281070776651776
592285545444679681
592281354680696832
592286175609561089
592283257577680896
592284518796529664
592286450135076867
592283024668131328
592282804114870272
592283358391996416
592281143434608640
592287188995448832
592292751921680384
592289768211283969
592291883478437888
592290022390398978
592287122192609280
592290946823270400
592292157882413056
592288174677757952
592286837944619008
592288252628893696
592291649356570626
592296149047840768
592298916109922304
592293186778705920
592293865148837889
592298130000883712
592296083272826880
592301230115819522
592297709274431489
592300689742692353
592296369060073473
592295807371476993
592300662005739520
592300131396952064
592295383990018050
592306630466740225
592303054243762176
592302023510360067
592302610956222464
592301302312382464
592302286224756736
592301932800151553
592303865304723457
592302665280786432
592301294972350466
592303614820909056
592302623660769280
592303190059589634
592305660642996224
592301964857217024
592306614092308480
592313376081981442
592307682637283329
592308037802561536
592310286498959362
592308226323976192
592312666883895296
592311043302395904
592310778323021824
592310137194287104
592312804520173568
592312378345160704
592310653299204096
592308005657452544
592309452679712768
592312868533510145
592308328455213057
592307322019446784
592316868376956930
592318401822883840
592317515272818688
592317103157350400
592317457475379200
592317171772043264
592314718435479552
592316116346605568
592314850346307584
592316812424937473
592314971700105217
592313828072755200
592318876496474116
592317382590210050
592324346854514688
592321604434010112
592320829624492032
592326419528568832
592323424136990720
592325457724440576
592323448187195392
592325073165389826
592325268833902592
592323037246066688
592324992341159938
592325457590235136
592324108366417921
592331213005697025
592328228045369344
592331527259750400
592331307880878080
592332407904153600
592333195816800257
592329805296578562
592326697241837568
592328659878318080
592327354879377408
592329383110541314
592328192804790272
592332968783380481
592332639589113856
592328635647832064
592338329485508608
592334656634101760
592333586734272512
592333638189977600
592336802020626432
592334978282696705
592339054487801856
592336681228865538
592337850429001729
592336821058555904
592336698073358336
592337675685888000
592339026897547267
592337862042877952
592339760330379264
592340045224345601
592341643623272450
592341962667130880
592342067033939970
592341287447101441
592342866782855169
592339472831762432
592340961243435008
592344251528126465
592341156890947584
592341280103014401
592343977572966400
592340100538761217
592341479630118912
592339935232819201
592342464179998721
592342335406505987
592348204026335232
592347174769332225
592344699815399426
592345114577653760
592349969497116672
592348809927102465
592348009997807616
592347242490540034
592349024574840834
592349728324521984
592350261454118913
592346465340559360
592347374044852224
592346586946080768
592348601184952321
592353790520528896
592350761213825024
592355054323019776
592355847121936384
592355806160420865
592354130267504640
592352602765053953
592355156085186560
592354706619437056
592352765415817216
592360767959105537
592361331937816576
592358725773430785
592358567560122369
592359207552229377
592361610045362176
592357299601027072
592356425214492672
592356399776079872
592361423352696832
592356313939578880
592360784354672640
592361295686471680
592360847810371584
592360702850936834
592364546032930816
592367918131871744
592364807925452803
592366584854786048
592363268330680321
592363731067219969
592362464601182208
592363638003867648
592362781665468416
592368351587868672
592363814370222080
592365529349824512
592370576158642176
592372743200354306
592370226789908482
592372453902569473
592369004620066816
592370464355262464
592370309757435904
592372761890140160
592370772980596736
592372482159431680
592372761378430977
592372631187238913
592370709243899904
592371475799146496
592371481687953408
592378065809846273
592375842849759234
592377097718378496
592377039522430976
592378613955174400
592376977329299457
592374763303010305
592374976390438912
592378023556448256
592375107860996097
592376200070324225
592373428931338240
592377841251012608
592378603947458560
592374969067143168
592377155440508931
592375699178029056
592376177186091008
592376974934310912
592382796355604481
592381136757592064
592379737198055424
592379594310692864
592382848721522688
592379481731375104
592381240247914496
592379576581402624
592379938793095168
592382943177277440
592381391725207553
592379519350087681
592379281008820224
592379318744981505
592383521697628160
592380080636104704
592381779849314304
592380476427468800
592381687478235136
592382428603252736
592383109011648512
592385185368276992
592388227127869442
592388013872648192
592388575934611456
592391063874064384
592391743124832256
592388351631568896
592388014938005504
592391867615948800
592389040147542017
592387366448312320
592387266502266880
592389454045655040
592389046913007616
592389952530350080
592391585255530498
592386421630967808
592390583185907712
592386580259610624
592393286125498368
592395138988539904
592394775094951936
592392698125946880
592392763263426560
592394042253516800
592391964194111488
592393539985608704
592394729469317120
592393472839196672
592393075189657600
592394606827819008
592393013843795968
592394238320447488
592393742767628288
592423059694301184
592446628407083008
592409884894896130
592410388269957120
592418910558769153
592416303849209856
592408828789960704
592415991625158656
592473357376946176
592468451924443136
592471118184882177
592473110135214080
592464937219452928
592477276530323456
592478202473287680
592480388674498560
592490996870488064
592492807660568576
592491316396732417
592486865535520768
592496723664052224
592502562349264896
592501794741170176
592503079871741952
592506263055036416
592507723968708609
592505057553326080
592510676263927808
592511396564357121
592509008298184704
592509413807693825
592512287497261056
592513072801054720
592514116020883457
592513064617922561
592513120888750081
592512999262461954
592514495890608128
592516352121839616
592517202965725185
592517115875168256
592517300596539393
592516789273169923
592520547772145664
592518158742921216
592518203609370624
592520198504067072
592521094273241088
592520896364949505
592521945658236928
592521218407858176
592523285650231296
592524026125291520
592524503617404929
592524648211845123
592525445062664192
592525041876783104
592524893264039936
592527008585752577
592526595774021632
592526495802925056
592527724863852545
592529034375864320
592529185588948993
592527731327401984
592530254217904128
592530979958329344
592530052727832576
592530265894858752
592529670836355072
592532752492306432
592532579171082240
592531988759781376
592531173923946497
592532683340718080
592531362021646336
592533727613321217
592533119246340097
592533539213545472
592534117738270720
592532960429084672
592537234869526528
592535912413696000
592537214703300608
592538003005837313
592538697305870336
592538510042615809
592540067622690816
592540629860646914
592542569537654784
592542401547243520
592542239563378688
592542090430525440
592541356645453825
592543024355282944
592543019749900288
592542968998821888
592544896612859905
592543355210321920
592546301864058880
592545297886240768
592545267859070976
592548690406998016
592548359484801024
592549860638752768
592550075559120899
592550212276658176
592549944751337472
592549386015485952
592548743204962304
592549938073980928
592550815010721792
592551378976837632
592550936331030528
592551641666048001
592550704503517184
592552801546305536
592552434666352640
592552943125041152
592552601767448577
592552619022757890
592553183873892352
592553492490760192
592555718617632768
592556152824561665
592556402666778624
592557058982981633
592558384806699009
592557347706245121
592556996752056320
592557120505024512
592560469694644224
592560157306982400
592560461909921792
592559612294868992
592560942979756034
592562250189295616
592561550042341376
592561602072682496
592562912293621760
592563394890244096
592562864986001408
592563537060331520
592563585886224384
592563093185568768
592564265371840513
592565397037182977
592565380108824576
592564683682422784
592564946711539712
592564925173600256
592567033247584256
592565771730980864
592566765588119552
592566534674862080
592566529679437824
592566314855735296
592567315926888449
592567818094247936
592568573609934848
592569607329697794
592569175379288064
592569341452767232
592571505013235712
592571302566764544
592572849300250624
592572116932820993
592572423297310720
592574195965374464
592574386550353920
592573407687942144
592575170075893761
592574305218596864
592576390895108096
592576416266366976
592575313298595841
592575989546266624
592575798114013184
592575816250183680
592576545132126208
592577743285432320
592577300287229952
592577496949731328
592578085922320384
592577202677358593
592579309899948032
592578762992025600
592579926961688576
592579670916276224
592579854916128768
592580292889587712
592579468587192320
592579403839721472
592579482407424000
592579403827130369
592579831377760256
592580103969722368
592579896087449600
592579769566425088
592579789745033216
592579617749278721
592581766029803521
592581834057191425
592580627251077120
592581362084810752
592580495239589888
592581358775599105
592581321026764800
592581592515612672
592581865610969088
592580850971123713
592582426657890304
592582021647466496
592582373289504768
592582023824314368
592582314535718912
592583945029439488
592584200877780992
592584381459406848
592583720827228160
592585154696183808
592585807346597888
592585431213998080
592584844271456256
592584989092421632
592586598518235136
592586955730210816
592586143616479232
592586835500478464
592586151208177666
592588167104036865
592588105271484416
592588449619648512
592587877134966784
592588882530705408
592587844515921920
592587739431829505
592590038623354881
592590019698634752
592589834960637952
592589790626775040
592589583428104192
592591606798102528
592591165393752064
592591918887895040
592592790460084225
592593670622220289
592595325853900800
592594116925530112
592594537232629760
592595405482766336
592594115583283200
592595552723804163
592595849739374593
592596765607497728
592596727057616897
592595612337483776
592595649066967041
592597055241134080
592598379386908672
592598491706232832
592597885679632384
592600512165326849
592600545451380736
592600360562200576
592598795298308096
592598943139123201
592599375387328513
592600033272274944
592599426465660928
592601831198490626
592600813723193345
592603150047059968
592602287882776576
592603194632445952
592602566199877632
592605464971608064
592605081637232641
592604383046578176
592605117897019392
592605903246921728
592607417373822976
592607636459225088
592607787353546752
592607368812236800
592607880450215936
592607781363982337
592606953202847744
592610017259311104
592609666309296128
592609467507679232
592608619381686272
592608946181033984
592608596279435264
592608210709651456
592609631190458369
592611626559229953
592611676383358976
592610036033015808
592611013364686848
592611931292184577
592610355823554560
592610056589287426
592612355327991808
592613425890504704
592613424980316160
592613335033466880
592612373392855040
592613731328069632
592612064952066048
592613706875305984
592614462965714944
592615081138999297
592614208459550720
592615676705017856
592615542239821824
592617468004175872
592616302923022336
592617924931637249
592617992170512386
592616054712479744
592617243516604416
592616549791506432
592618338649579520
592619075957870592
592619172829339648
592619005120094208
592619304232824832
592618355191730177
592619970057539584
592618316121960449
592620633281863680
592621963530539009
592620564419780608
592623488696913920
592624988378767360
592624864797818880
592625598335471617
592624358847164416
592626064251166720
592628242831450112
592626684827807744
592627440129703936
592630128804503552
592630419016691712
592629223807848448
592628486755323904
592629105444552705
592628956584521728
592629652818034688
592631680197767168
592630492958097408
592632778451132417
592630528022577154
592631087936843776
592632281057079296
592635198807773184
592634673605414913
592634220901629952
592634239411101696
592635273671888896
592636278753009665
592639033311895552
592637750123175936
592637510523564032
592637788681424896
592639780808036352
592639917831794688
592641690403377152
592641402380505089
592642423265894401
592644255270572032
592643848385335296
592645254567735296
592644608393261056
592644519897608193
592643873832181764
592645149282340864
592643776625123328
592645211307659266
592647856160378881
592645944262397952
592647937752174592
592645759897468929
592648262315876353
592648479077314560
592648392691560449
592649633538576384
592649831866179584
592648198386253825
592648593384738816
592649050484117504
592652895713112065
592651886215430144
592650588514422784
592652635439697921
592650914843865088
592652513360220160
592650977926377473
592650480175751168
592653186038636545
592653246025506816
592654747175358464
592657036715937792
592656054489591808
592659000371650560
592660515886866435
592658349386260480
592658410648252416
592658308089159681
592658843252989952
592658573404016640
592660156183371776
592661086089965568
592661368286871552
592661430979141633
592661298036547585
592663855450456064
592667164806651904
592667208326713345
592666086690189313
592667026063253504
592667512136925185
592667760880132096
592669713655853056
592669822284111872
592668632985030656
592668554568282112
592670581960658944
592671414605455362
592670897477165059
592672506781270017
592673565050298368
592672073673236480
592673606204788737
592673172308230144
592674208368500736
592676624354639872
592678797540990980
592677666144288769
592677515514269696
592677735685869569
592680891161432067
592679798817816576
592680272849707009
592679932855193601
592680582527717376
592682158814339072
592682570141294592
592682196235907073
592681038150774784
592681202416537600
592681395094433793
592680949869076480
592684009563549696
592683279188361217
592683588258308098
592685631760891904
592685803240828928
592687900812259328
592687374703951873
592688572135821313
592689666496802817
592690677844152322
592690688451616768
592689009333293057
592689547693170688
592689439291367424
592692667231907841
592692245180108800
592691145018314752
592694344655699968
592696119773233157
592696367170064385
592696260836118528
592696289541890048
592697911730896897
592697748400517121
592697454451171330
592696857815572481
592698989507715075
592699747514904577
