592669822284111872
592607417373822976
592537214703300608
592301230115819522
592227175559921665
591865952582705152
592527724863852545
592602566199877632
592667208326713345
592381391725207553
592679932855193601
592635198807773184
592687900812259328
592647937752174592
592513120888750081
592518158742921216
592565380108824576
592632281057079296
592567033247584256
592591918887895040
592609631190458369
592584844271456256
592506263055036416
592605464971608064
592608210709651456
592557058982981633
592610056589287426
592532683340718080
592520198504067072
592658349386260480
592634673605414913
592283257577680896
592645211307659266
592415991625158656
592674208368500736
592213803552477184
592371481687953408
591856653059760128
591867290502598656
592383109011648512
591876945429733377
592591606798102528
592566529679437824
592592790460084225
592393286125498368
591866286797230080
591857915855699968
592042501235572736
592690688451616768
591869567355334656
592591165393752064
591952142979584000
591961839296237569
592550212276658176
592291883478437888
592685803240828928
592645944262397952
592577202677358593
591871455685513216
592229246157783040
592542401547243520
592212852137590784
591947815019945984
591894297642827776
592644519897608193
591880262952161281
592275146448052225
592641690403377152
592680582527717376
592564925173600256
592669713655853056
591853453309153280
592521094273241088
591874425693175809
592533119246340097
591854834795487232
592631680197767168
592687374703951873
591857918326149121
591932042314522624
591934560499204097
592584200877780992
592137775102590976
592678797540990980
592582426657890304
592557347706245121
592224031920627712
592556402666778624
592564265371840513
591883406394269696
592157105613737984
592524026125291520
592480388674498560
592574386550353920
592563537060331520
591859753577381888
591883001098858498
591868674723581952
591942425637101570
592619172829339648
592619304232824832
592587877134966784
591867942041587712
592033051720290306
591931234151845889
592696367170064385
592680891161432067
592610017259311104
592658410648252416
592017191807029248
592206066663890944
592583945029439488
591883357656485888
592689439291367424
592227467164651520
592063283667996672
591867534984359936
592571505013235712
592582314535718912
591858966046486528
592635273671888896
592649831866179584
592332407904153600
591834330202251265
592222233906393089
591856540858056704
592625598335471617
592681395094433793
592663855450456064
592581362084810752
592545297886240768
592561550042341376
592650480175751168
592600512165326849
592524648211845123
592292751921680384
592177710601883648
592563585886224384
592637750123175936
592278498275827712
592644608393261056
592204578923352064
592667026063253504
592608946181033984
592639780808036352
592531173923946497
592250206294519808
591860378985857024
592491316396732417
592178794892435456
591923062108344320
591935714197184512
592585431213998080
591869630857154560
592550704503517184
592619005120094208
592468451924443136
592577743285432320
592410388269957120
592268143252254720
592696260836118528
592069292285415424
592327354879377408
592028166237093889
591863441851359232
592229137483304960
592014640407687168
592556152824561665
591869872474181634
592532960429084672
592552434666352640
592607787353546752
592672506781270017
592589583428104192
592328228045369344
592553183873892352
591934983452790785
592316868376956930
592209784562155520
592054678545780737
592671414605455362
591870820831535104
591878884603232256
592580292889587712
592163351477649408
592532579171082240
592697911730896897
591854664859013120
592572423297310720
592054891415216129
591881266934501377
592587844515921920
592058315070414848
592613425890504704
592516352121839616
592509008298184704
592661086089965568
592128995363192833
592593670622220289
592615676705017856
592551378976837632
592446628407083008
592629223807848448
592323448187195392
592667164806651904
592584381459406848
592600813723193345
592581834057191425
591885742848114688
592649633538576384
592658843252989952
592527008585752577
592576390895108096
592532752492306432
592676624354639872
592217788854308864
592620633281863680
592562864986001408
592524893264039936
592689547693170688
592639033311895552
592423059694301184
592667512136925185
591918475116818432
592510676263927808
592685631760891904
592677735685869569
592607781363982337
591964827624443904
591927435807055872
592337862042877952
592643873832181764
592659000371650560
592579468587192320
592550936331030528
592582021647466496
591854454967836672
591889273378312192
592696289541890048
592113627890581504
592628486755323904
592644255270572032
592634220901629952
592542090430525440
592574195965374464
592645254567735296
592572116932820993
592577496949731328
592699747514904577
591882440894976000
591956681011113984
592566765588119552
592595612337483776
592575798114013184
592533539213545472
592696119773233157
592312378345160704
591919547805863937
591747119406403584
592598379386908672
592161866538831873
592650914843865088
592408828789960704
592661368286871552
592595649066967041
592682196235907073
591882681937371136
591880228290441216
592473357376946176
592550815010721792
592521945658236928
592595405482766336
592609467507679232
591852035932192769
592579831377760256
592575989546266624
592520547772145664
592021682614710273
592563394890244096
592599426465660928
592626684827807744
592668632985030656
592602287882776576
592530254217904128
592619970057539584
591889262313807874
592549386015485952
592630419016691712
592567818094247936
592490996870488064
592650588514422784
592585154696183808
592512287497261056
592217291619700736
592259067969581056
592681202416537600
591855610968150016
592318401822883840
591888512527400960
592552619022757890
592569175379288064
591880023105085440
591856257507532801
592507723968708609
592331527259750400
592680949869076480
592615542239821824
592601831198490626
592672073673236480
592617992170512386
592692245180108800
592514116020883457
591882652229115904
592594116925530112
591827826111746048
591868682499788801
592166013459763201
592598795298308096
592658573404016640
592191412810227712
591944792671551488
591857846595112961
592630492958097408
592586143616479232
591870800359071745
592548690406998016
592658308089159681
592567315926888449
592321604434010112
592579670916276224
592611931292184577
591766540036534272
592648198386253825
592197869530025985
592302623660769280
592116568915456000
591859212713533441
592530265894858752
591864745524727808
592501794741170176
592630128804503552
592605081637232641
591871894963494913
592538003005837313
592326697241837568
592616302923022336
592512999262461954
592209658141548545
592529034375864320
591850197577138177
591871913250590720
591912979114909696
592550075559120899
592653186038636545
592006141476937728
591888621654835200
592336821058555904
592600360562200576
592183532744744962
592274380576526337
592531362021646336
592673172308230144
592624988378767360
592579926961688576
592603194632445952
592617924931637249
592272445505056768
592341287447101441
592626064251166720
592535912413696000
592269863873159168
592581321026764800
592175474958176256
592169704556339200
592605117897019392
591897551499960320
591883960516378624
592553492490760192
591905244973506560
592558384806699009
592612373392855040
592587739431829505
591855234110001152
592691145018314752
592172256115040257
592673565050298368
591885591760936960
592525445062664192
592590019698634752
592418910558769153
592107074428895233
592688572135821313
592613424980316160
592272866776784896
592564946711539712
592606953202847744
592517300596539393
592579403827130369
592502562349264896
591977196421427202
592612355327991808
591883343236476928
592566534674862080
592356313939578880
592303190059589634
592596727057616897
592344699815399426
592645759897468929
592240639611412480
592594115583283200
592689666496802817
591950712608686081
591994316572069888
592359207552229377
592009567321460736
592673606204788737
592551641666048001
592595849739374593
592409884894896130
592582373289504768
591915670910164993
592549860638752768
591850401936248832
592653246025506816
592589790626775040
592690677844152322
591941428122492928
591850261838041088
591871616885358593
592516789273169923
591727671433764865
592608619381686272
592262080322928640
592565771730980864
592596765607497728
592377155440508931
592308005657452544
591858442190528512
592492807660568576
592582023824314368
592689009333293057
592540067622690816
592586151208177666
592181106885046274
592598943139123201
592307322019446784
592682570141294592
592269165710282752
591901579810209792
592680272849707009
591932650819948544
592581766029803521
592153207100440578
592559612294868992
591748310345486336
592579769566425088
592108968031326208
592198347898793984
591874575971016704
592347174769332225
592531988759781376
592333195816800257

592667835735928833
592256891226468352
591985786880327682
592221039867793408
592388014938005504
592242055788658688
591999421975396352
592380080636104704
592641402380505089
592530052727832576
592016672355061760
592238754825273345
592523285650231296
592549088886923264
592464937219452928
592517202965725185
592697535271174145
592237706119225344
592342464179998721
592394613249351680
592147756615127042
592003335454076929
592649050484117504
592203258401173504
592363268330680321
592607880450215936
592548359484801024
592259302917677057
592071141965045763
592264283704070144
592179623611342850
592085243659571200
591999611184680961
592027147243401216
592092586174611459
592033253781037056
592039073503584256
592580850971123713
592192429928763392
592588105271484416
592190504470589440
592002516369309697
592289768211283969
592178230452326401
592183073443172352
592525041876783104
592245742774849537
592265539377967106
592246969487069185
592302610956222464
592566314855735296
592349024574840834
592533727613321217
592338525514702848
592193754393489408
591985972109123585
592181103676391424
592336609548337152
592048956089106432
592282804114870272
591973907143335936
592338329485508608
592543355210321920
592365529349824512
592609666309296128
592045569591234560
592217547535056896
592303054243762176
592024069446348800
592486865535520768
592012462423052288
592611013364686848
592243905816563712
592310137194287104
592269368668491776
592005202816827392
592344097743998976
592028374794539008
592309926526980097
592314718435479552
592226833552179200
592341479630118912
592386421630967808
592381779849314304
592652895713112065
592697492422144000
592313828072755200
592213017821106176
592598491706232832
592349624666427392
591980083478302720
592379594310692864
592367062657343488
592281354680696832
592342335406505987
592059620799057920
592015991573360640
592291649356570626
592207027549540353
592321031647277056
592339054487801856
592577300287229952
592135286466945024
592604383046578176
592654747175358464
591987578498232321
592207474062659584
592589834960637952
592312868533510145
592066101166616577
592159521243435008
592186643290853376
592615434207264768
592296369060073473
592176946642980864
592617468004175872
592354130267504640
592018397384286208
592617243516604416
591988336090173440
592278198596997121
592339227976806400
592141305343381505
592291175530246144
592029815596810241
592372840042639360
592328192804790272
592386580259610624
592696857815572481
592379576581402624
592628956584521728
592623488696913920
592503079871741952
592028815234207745
592320829624492032
592580103969722368
592513064617922561
592341962667130880
591978910713139202
592349969497116672
592522897584836608
592272097356845057
592014898785230848
592363814370222080
591933551798419456
592262004263424002
592663760919232512
591999934427045888
592651886215430144
592295383990018050
592249795596562433
592290946823270400
592379281008820224
592317515272818688
592334978282696705
592372761378430977
592312804520173568
592269475203919872
592041494447394817
592580417871450113
592139574266044416
592207177642856448
591986490038558722
592029527804542976
592214348455514112
592339760330379264
592302286224756736
592670581960658944
592009582353862656
592573407687942144
592218605044912128
592215372582891520
592005075481964544
592579896087449600
592324346854514688
592543024355282944
592575170075893761
592331307880878080
592325457590235136
592049438908092416
592656054489591808
592307682637283329
592576545132126208
592216632954486786
592571302566764544
592195341455233024
592314850346307584
592264581965197313
592586835500478464
592052647873482752
592210302302720001
592597055241134080
592392763263426560
592527731327401984
592401648019865602
592393013843795968
592650977926377473
591991403783159808
592251449054076928
592287188995448832
592341156890947584
592355188909875200
592191451674476544
592648479077314560
592538697305870336
592378023556448256
592224438575190016
592373031063785472
592379938793095168
592107886001541120
592383521697628160
592154692970385408
592308328455213057
592366584854786048
592363638003867648
592229010060410880
592310653299204096
591984141773639680
592215009255555074
592378603947458560
592199197446770689
592575816250183680
592048938355589120
592117505356730369
592231066083184640
592586955730210816
592053799033970689
592394238320447488
592546301864058880
592314044746366977
592272663910817792
592061445828775938
592496723664052224
592328635647832064
592568573609934848
592247418374094848
592391381579993088
592341280103014401
592542569537654784
592211633142796288
592032737839685632
592300131396952064
592348009997807616
592022537682427904
591986194893901824
592236798186684416
591997919529570304
592361295686471680
592200980906672128
592657036715937792
592220239095431168
592026322865500160
592697135390416899
592049425868050433
592667760880132096
592344251528126465
592207802396971008
592585807346597888
592239896103780352
591986294554632192
592619075957870592
592201203347378177
592217003164868608
592137179234631680
592181615658291200
592277527432859649
592251272482267136
592643848385335296
592552801546305536
592251287820849152
592350761213825024
592382428603252736
592339026897547267
592557120505024512
592296149047840768
592217368375402496
592318876496474116
592376974934310912
592560461909921792
592583720827228160
592624358847164416
592293186778705920
592372482159431680
592301932800151553
592362464601182208
592206189028511745
592358567560122369
592010391200215040
592206738507440128
592387366448312320
592556996752056320
592247011862188032
592344703850254336
592308226323976192
592252959884320768
592382796355604481
592197498342494208
592244636325978112
592241031162105856
592616054712479744
592572849300250624
592337850429001729
592576416266366976
592019272903172096
592279031594123264
591992777736499200
591987020924260354
592658425567453184
592286837944619008
592361331937816576
592278091386454016
592340045224345601
592285803058868224
592393075189657600
592219443742134272
592513072801054720
592030914793836544
592222997156474880
592391743124832256
592377039522430976
592146601432387584
592054993068302337
592143030699872257
591990204983971840
592288174677757952
591996367784026113
592207134323965952
592156478422712320
592018368279908352
592549944751337472
592301294972350466
592007873560875011
592223584153505792
592247746251214848
592381136757592064
592375107860996097
591968116919410690
592066377768443904
592208444402208768
592677515514269696
592245464700833792
592197561575833600
592368286785884161
592560469694644224
592181723967926274
592052489240780800
592348809927102465
592254742979444736
592011381005651968
592666086690189313
592315161282678784
592364807925452803
592278726328463360
592585616438636544
592244931181293568
592341718017540096
592258807683686400
592267700853821440
592281143434608640
591975888494854145
592345106625232896
592378613955174400
592298916109922304
592352765415817216
592580495239589888
592208546428637185
592283358391996416
592302665280786432
592355156085186560
592022407885496320
592197443225194498
592034258039902208
592342067033939970
592332639589113856
592661298036547585
592160896824246272
592001984951029760
592187621213806592
591991666526957568
592034145645121536
592125028558184448
592306630466740225
592363863720333312
592240257518542848
592375842849759234
592012112500666370
592379519350087681
592373593394323459
592355847121936384
592316812424937473
592221666312204288
592305660642996224
592613335033466880
592619602619736064
592209571508158464
592381240247914496
592618338649579520
592222331025502208
591987632097202177
592224514198540288
592620564419780608
592391585255530498
592613706875305984
592393742767628288
592286450135076867
592030087714856960
592660156183371776
592529185588948993
592214320127193088
592220359803437056
592179384385024000
592044539675680768
591985311665684480
592619730608861184
592594537232629760
592279426030641153
592263482415845376
592624864797818880
592647856160378881
592097046309441537
591976580232052736
592579854916128768
592345114577653760
592017398363918336
592198032810123264
592155414029991937
591978159102435328
592008765039247360
592372453902569473
592677666144288769
592329805296578562
592375699178029056
592349610988843008
591994540166250497
592052475806396417
591989264256106499
592303865304723457
591993859736870912
592317171772043264
592000290921918464
592389952530350080
592004392091406336
592239653077393408
592342866782855169
592058471354216448
592637510523564032
592272207864139776
592215736669442050
592343977572966400
592275018131771392
592024270705860608
592340100538761217
592374969067143168
592370905885605889
592379737198055424
592587948123561985
592179127303667712
592350261454118913
592392698125946880
592509413807693825
592224931875794944
592616549791506432
592058423933440000
592262151416459264
592388575934611456
592328659878318080
592353790520528896
591975873009582080
592025271768866816
592301302312382464
592032028930879488
592243506342731776
592346465340559360
592290022390398978
592648392691560449
592692667231907841
592595325853900800
592323852610371584
592392312849739776
592379078344249344
592336698073358336
592370709243899904
591979126350741505
592325073165389826
592393244136185856
592520896364949505
592332968783380481
592029398368411648
592293865148837889
592374976390438912
592552943125041152
592361610045362176
592569341452767232
592575313298595841
592631087936843776
592236359823151104
592660515886866435
592388351631568896
592246635071049728
592614208459550720
592049388232531968
592022722437218304
592251391508283392
592393472839196672
592352602765053953
592089446830440448
592247726194040832
591999588766228482
592183620896456704
592305031824613376
592336681228865538
592697454451171330
592581358775599105
592285545444679681
592518203609370624
592010581550333952
592339935232819201
592639917831794688
592674856279355393
591988401621962752
592018533673869313
592006860271521793
592548743204962304
592270761898811392
592161141830209536
592360702850936834
592300689742692353
592086812593557504
592232533900701696
592628934358863872
592076323297759232
592027572952834048
592357299601027072
592355054323019776
592037727727529985
592341643623272450
592159197174697985
592374763303010305
592698989507715075
592184910741286913
592372631187238913
592681038150774784
592379481731375104
591915875638325248
592213511796752384
592621963530539009
592578085922320384
592600545451380736
592310286498959362
592416303849209856
592043734218375168
592394905571307520
592001500198490112
592323424136990720
592529670836355072
592292157882413056
592223073996124160
592054705838268417
592233687825055745
592339472831762432
592697748400517121
592346935626838016
592370464355262464
592082703232540673
592333638189977600
592049561398480896
592382848721522688
592031015259873280
592147423683678208
592022312226050049
592202232453591040
592360767959105537
592025366794936321
592540629860646914
592560736855011330
592298130000883712
592376977329299457
592279829644333057
592283024668131328
592182738637062145
592471118184882177
592373428931338240
592588449619648512
591997966010855424
592356425214492672
592317103157350400
592370226789908482
592549938073980928
592608596279435264
592360784354672640
592555718617632768
592311043302395904
592306614092308480
592517115875168256
592049216568066049
592578762992025600
592364546032930816
592630528022577154
591996373869826048
592376177186091008
592505057553326080
592323037246066688
592217837361442816
592391063874064384
592003933238759424
592347242490540034
592026863398199296
592683588258308098
592262536063492096
592316116346605568
592100827428360192
592049012577947648
592272296863215616
592279583606632448
592309452679712768
592236529654702080
592249969987461121
592315004533084160
592028384634503168
592142806304436224
592206288857108482
592148963110703105
592371475799146496
592029014887399424
592652635439697921
592360847810371584
592220994326040576
592478202473287680
592378065809846273
592562250189295616
592301964857217024
592363731067219969
592612064952066048
592261617682808832
592007187213393920
592033451718479873
592340961243435008
592613731328069632
592275945391697920
592544896612859905
592262421433098240
592526595774021632
592347374044852224
592176679214133248
592387266502266880
592332896591093760
592312666883895296
592569607329697794
592389454045655040
592636278753009665
592561602072682496
592035222650167296
592308669963833345
592348601184952321
592273191751389184
592579482407424000
592277073118437377
592394775094951936
591979790627840000
592303614820909056
592211354515156992
592239615194439680
591922042481479680
591939270673182721
592271940242444289
592286175609561089
592006342212063232
592230864123088896
592162799498854400
592354706619437056
591981776794296321
592004040961069057
592393539985608704
592005225709461505
592648593384738816
592514495890608128
592377097718378496
591992896485597184
592605966132056064
592574305218596864
592075271013969920
592564683682422784
592041784634580993
592329383110541314
592648262315876353
592389040147542017
592346586946080768
592614462965714944
592033004001726464
592356399776079872
592044401599221760
592023168681775104
592586598518235136
592215865992568832
592565397037182977
592542968998821888
592220518763274241
592679798817816576
592248331339898880
591991020142792704
592067446158204928
592477276530323456
592652513360220160
592050419259453440
592348204026335232
592600033272274944
592394606827819008
592607636459225088
592211486795137024
592233887851368448
592170761382596609
592534117738270720
592524503617404929
592049417856909314
592324982622986240
592372761890140160
592180370591850496
592223004282589184
592082404971454464
592288252628893696
592233496615071745
592149547788275712
592683279188361217
592542239563378688
592324992341159938
592197933690261504
592521218407858176
592526495802925056
592590038623354881
592611626559229953
592191998196494336
592035712465129472
592390583185907712
592184317712965634
592301945525641216
592388227127869442
592537234869526528
592317457475379200
592388013872648192
592299336177856512
592261510048522242
592169535878365184
592040884427890688
592176920617361408
592313376081981442
592273283233353728
591991005248782336
592541356645453825
592269207905046528
592372743200354306
592041383965249536
592297709274431489
592552601767448577
591992680479006721
592043320714465280
592682158814339072
592381687478235136
592394729469317120
592562912293621760
592021652533153792
592308037802561536
592209596183285762
592162027881140225
592257707408642048
592333677595480065
592560157306982400
592241024249925632
592255633400860673
592637788681424896
591988237209505793
591974595525128195
592629105444552705
592202500435902467
592239782618636288
592645149282340864
591986527355338752
592579617749278721
592661430979141633
592370772980596736
592325457724440576
592223549521154049
592284518796529664
592231549833097216
592610355823554560
592618316121960449
592321499517726721
592215884669693952
592045590847983616
592694344655699968
592380476427468800
592390065281585154
592627440129703936
592037260905869312
592026266569543680
592247872919183361
592370576158642176
592391964194111488
591992326504849408
592263722346749952
592545267859070976
592333586734272512
592310778323021824
592336802020626432
592473110135214080
592579789745033216
592377841251012608
592317382590210050
592355806160420865
592325268833902592
592642423265894401
592209897825013761
592346324286050305
592016806153293825
592210395663728641
591983826018041856
591999286679769090
592385185368276992
592369004620066816
591976009823428608
592174366344884224
592595552723804163
592225934016544768
592334656634101760
592188043785678848
592145694057746432
592014627862523904
592194905511890944
592337675685888000
592560942979756034
592196353381388289
592368351587868672
592610036033015808
591979747296485376
592295807371476993
592250977043910656
592588882530705408
592389046913007616
592628242831450112
592581865610969088
592281070776651776
592597885679632384
592217703563177984
592579309899948032
592347499748335618
592031700697255936
592287122192609280
591989771473391616
592581592515612672
592607368812236800
592629652818034688
591977781749223424
592189847936180225
592068279033794561
592298894471528448
592330937448280064
592599375387328513
592584989092421632
592279403679223809
592394042253516800
592356570421268480
592632778451132417
592206967608741889
592670897477165059
592643776625123328
592048683866173440
592395138988539904
592302023510360067
592274977384075264
592331213005697025
592253039299330048
592021167046819841
592349728324521984
592244040587878400
592362781665468416
592248641227591680
592024096059305984
592611676383358976
592296083272826880
591995052169105408
592237757226881025
592032983135072256
592249577006239744
592144301603225600
592213627148505088
592615081138999297
592258310696501248
592382943177277440
592208493848895489
592605903246921728
592618355191730177
592668554568282112
592563093185568768
591974898139987968
592684009563549696
592530979958329344
592580627251077120
592324108366417921
592300662005739520
592314971700105217
592634239411101696
592206570974416897
592603150047059968
592367918131871744
592027270270726146
591995512171024387
592538510042615809
592511396564357121
592326419528568832
592096370355351552
592588167104036865
592361423352696832
592221210928230401
592196446797090816
592358725773430785
592376200070324225
591995887360057345
592579403839721472
592257971767250944
592379318744981505
592543019749900288
592391867615948800
592370309757435904
592143616782405632
